0.000000	0.259439	0.284352	0.141074	0.274128	0.279495	0.283691	0.142061	0.274978	0.283128	0.290128	0.278796	0.270119	0.267479	0.269043	0.268564	0.333096	0.332367	0.270069	0.277435	0.280359	0.330324	0.265702	0.331921	0.276818	0.278373	0.275050	0.274971	0.281905	0.284928	0.276002	0.275915	0.267368	0.276710	0.274211	0.279892	0.279768	0.282570	0.278061	0.279467	0.281390	0.279262	0.284022	0.270018	0.269178	0.280173	0.270857	0.268829	0.270355	0.277832	0.274875	0.270416	0.327072	0.277041	0.276340	0.321687	0.272736	0.271249	0.272261	0.276348	0.272824	0.336481	0.270684	0.271535	0.274645	0.269372	0.269466	0.271319	0.274222	0.274884	0.281093	0.273612	0.270160	0.272639	0.279531	0.275582	0.276360	0.269212	0.272745	0.267536	0.276076	0.284094	0.275490	0.278774	0.328715	0.271862	0.258358	0.279251	0.279161	0.275257	0.275505	0.268234	0.274254	0.274043	0.271350	0.270262	0.272146	0.283582	0.274485	0.268079	0.269773	0.272622	0.278232	0.271966	0.270200	0.273127	0.272569	0.280287	0.273858	0.267248	0.270359	0.277003	0.282195	0.327524	0.279868	0.275620	0.277110	0.238752	0.265976	0.275059	0.274572	0.278951	0.265866	0.269320	0.271376	0.328284	0.274028	0.264823	0.270928	0.262831	0.270101	0.266303	0.270607	0.273668	0.322013	0.259751	0.274451	0.277281	0.273828	0.277522	0.277032	0.266092	0.267737	0.277223	0.263339	0.278102	0.278883	0.272938	0.273427	0.276645	0.287457	0.269903	0.279602	0.274170	0.276711	0.273686	0.279743	0.332556	0.270122	0.277566	0.271756	0.326800	0.263769	0.276486	0.276979	0.274346	0.263352	0.275049	0.258317	0.275560	0.290224	0.302769	0.296056	0.273571	0.272859	0.292501	0.277360	0.295312	0.299095	0.293157	0.289759	0.285090	0.272882	0.297525	0.286901	0.286884	0.290820	0.289658	0.298283	0.285797	0.292467	0.280930	0.257878	0.290942	0.268231	0.275417	0.281640	0.263799	0.288231	0.266776	0.291603	0.295150	
0.259439	0.000000	0.167471	0.270388	0.161650	0.165430	0.169352	0.259765	0.157819	0.169126	0.173157	0.161533	0.294107	0.292050	0.291915	0.284332	0.343025	0.347885	0.292014	0.292200	0.295891	0.340900	0.287400	0.344698	0.293678	0.291341	0.287433	0.292130	0.289991	0.295869	0.298138	0.286720	0.298766	0.289359	0.296630	0.295520	0.299358	0.298664	0.298446	0.298487	0.298037	0.300662	0.297851	0.285740	0.288965	0.301095	0.292670	0.294017	0.288545	0.295101	0.294542	0.291824	0.343483	0.296320	0.288925	0.325109	0.291851	0.289182	0.293943	0.296851	0.288682	0.342882	0.292436	0.293715	0.292336	0.291032	0.292036	0.290749	0.290049	0.292274	0.302064	0.290038	0.293825	0.296343	0.293220	0.298059	0.287733	0.291232	0.291637	0.286526	0.287666	0.297177	0.294144	0.303710	0.338223	0.293099	0.279819	0.290238	0.298130	0.290935	0.295557	0.285239	0.291389	0.295078	0.291701	0.289698	0.290521	0.295677	0.288050	0.290932	0.293802	0.293975	0.290813	0.292663	0.289490	0.288948	0.295123	0.295906	0.295256	0.291621	0.293503	0.288801	0.298013	0.336822	0.294262	0.294486	0.293660	0.261761	0.284632	0.300286	0.293398	0.295821	0.287202	0.290457	0.283471	0.339946	0.299820	0.286517	0.295301	0.284613	0.290932	0.274900	0.286749	0.293491	0.342945	0.273670	0.296848	0.294813	0.285611	0.293302	0.291659	0.291557	0.293058	0.290085	0.287069	0.285961	0.295870	0.293959	0.293359	0.291719	0.299581	0.290958	0.289898	0.294873	0.295009	0.290287	0.294235	0.337049	0.288356	0.284371	0.290504	0.342402	0.285689	0.295626	0.297558	0.287431	0.286970	0.297592	0.280510	0.293882	0.310385	0.315244	0.314051	0.293841	0.294669	0.313969	0.285187	0.315827	0.316297	0.309459	0.307309	0.308041	0.282953	0.316128	0.308288	0.311489	0.311827	0.308553	0.312293	0.305406	0.316719	0.302109	0.154262	0.180795	0.153964	0.158026	0.170482	0.154027	0.303991	0.287745	0.182442	0.176675	
0.284352	0.167471	0.000000	0.285368	0.158739	0.159069	0.160837	0.285912	0.160447	0.160026	0.165487	0.158466	0.285852	0.289340	0.289898	0.284637	0.344742	0.350387	0.287108	0.293242	0.293741	0.348543	0.292482	0.346623	0.287662	0.295727	0.288894	0.287682	0.291107	0.301782	0.297249	0.286028	0.294375	0.285553	0.293224	0.295476	0.295222	0.287847	0.295655	0.294431	0.290293	0.292391	0.298186	0.280765	0.291406	0.294926	0.293713	0.288773	0.285091	0.286593	0.293220	0.291166	0.339252	0.292582	0.287769	0.331464	0.290682	0.282763	0.293125	0.294429	0.286948	0.346859	0.293349	0.290843	0.288988	0.291317	0.292806	0.287077	0.287972	0.286402	0.295483	0.293035	0.291885	0.293696	0.292852	0.290807	0.291569	0.290697	0.291417	0.286935	0.285080	0.293001	0.286228	0.298913	0.346552	0.300521	0.283951	0.294542	0.289654	0.290450	0.293687	0.286122	0.291189	0.292524	0.288871	0.289683	0.291236	0.299316	0.293045	0.293157	0.289427	0.290146	0.290034	0.293484	0.286837	0.294504	0.293463	0.296351	0.292808	0.285767	0.294569	0.283455	0.288076	0.347352	0.298919	0.288229	0.297030	0.282593	0.285881	0.301390	0.292800	0.297044	0.286482	0.287324	0.289181	0.344776	0.298561	0.280811	0.294354	0.286680	0.289619	0.281436	0.281580	0.294655	0.349431	0.280759	0.297854	0.291367	0.287148	0.291411	0.287913	0.288363	0.291549	0.288532	0.287652	0.290063	0.293633	0.290367	0.290565	0.288020	0.299323	0.291724	0.290023	0.292572	0.298247	0.288159	0.294865	0.347446	0.285055	0.284737	0.292168	0.353061	0.284357	0.290622	0.294139	0.288688	0.286577	0.295858	0.281598	0.293871	0.312459	0.313690	0.309877	0.292904	0.296296	0.308722	0.289134	0.311705	0.310212	0.305474	0.306517	0.306624	0.302718	0.306137	0.304405	0.306249	0.308695	0.306065	0.308345	0.307496	0.308848	0.295345	0.163563	0.174973	0.164172	0.158321	0.164510	0.163686	0.301797	0.288248	0.164730	0.164849	
0.141074	0.270388	0.285368	0.000000	0.275777	0.282700	0.284121	0.158598	0.276617	0.283019	0.294907	0.278409	0.265147	0.267880	0.270029	0.268738	0.331098	0.334948	0.273879	0.272661	0.278774	0.331140	0.270995	0.330978	0.273143	0.273763	0.268666	0.268829	0.275313	0.287770	0.276476	0.270227	0.273138	0.273015	0.272235	0.280232	0.281876	0.281266	0.282633	0.280501	0.282356	0.282037	0.287556	0.268265	0.272805	0.283383	0.274469	0.269519	0.270907	0.275239	0.272999	0.268214	0.323992	0.277733	0.275073	0.322052	0.274311	0.271762	0.273705	0.274758	0.274956	0.334746	0.269991	0.271824	0.271899	0.272242	0.263307	0.272603	0.269075	0.271530	0.278281	0.271876	0.269009	0.267448	0.278030	0.272124	0.277773	0.270013	0.266753	0.264511	0.279168	0.281997	0.275091	0.277926	0.326532	0.272432	0.257409	0.277061	0.280255	0.273346	0.279854	0.264734	0.276450	0.275809	0.270856	0.272086	0.271017	0.281836	0.267921	0.270266	0.269315	0.274754	0.269841	0.272603	0.271754	0.276037	0.278317	0.278466	0.271618	0.269471	0.275436	0.272109	0.277022	0.331348	0.279369	0.273634	0.272652	0.262112	0.265845	0.275839	0.273283	0.279913	0.268716	0.270813	0.270055	0.328331	0.277733	0.262684	0.266683	0.265188	0.271753	0.261854	0.263956	0.272028	0.322846	0.258240	0.273918	0.276145	0.275552	0.278591	0.271751	0.269745	0.266229	0.271922	0.266367	0.277868	0.277126	0.267645	0.278470	0.275394	0.286612	0.270534	0.280010	0.273324	0.276647	0.272846	0.271375	0.328758	0.271280	0.275328	0.272676	0.328844	0.267050	0.273754	0.277675	0.274740	0.266396	0.274971	0.265389	0.275792	0.289763	0.301146	0.296377	0.271918	0.272470	0.293524	0.272793	0.296290	0.301496	0.291973	0.291928	0.285610	0.279433	0.297505	0.289527	0.291838	0.294563	0.291593	0.292687	0.289616	0.292865	0.283666	0.274572	0.290076	0.274371	0.277529	0.287620	0.275874	0.289674	0.269923	0.289552	0.289220	
0.274128	0.161650	0.158739	0.275777	0.000000	0.160895	0.164739	0.274987	0.160422	0.158222	0.166128	0.158315	0.286792	0.288937	0.290507	0.284855	0.342086	0.348497	0.286140	0.290347	0.294199	0.345491	0.290053	0.348577	0.287335	0.294820	0.288637	0.283865	0.288894	0.293117	0.297682	0.283062	0.290670	0.284428	0.288286	0.294135	0.296740	0.290848	0.294216	0.294957	0.290437	0.293740	0.299250	0.279257	0.291279	0.295910	0.291971	0.289105	0.285595	0.285790	0.291449	0.285725	0.340493	0.291279	0.284419	0.330975	0.290320	0.286346	0.290881	0.292584	0.285812	0.342593	0.292614	0.288197	0.289089	0.290980	0.284636	0.287402	0.286269	0.283729	0.296066	0.289801	0.291565	0.291784	0.286268	0.285095	0.285344	0.284131	0.290519	0.286159	0.277795	0.291117	0.288628	0.298361	0.339144	0.294724	0.277761	0.291821	0.292172	0.284300	0.293585	0.279854	0.286235	0.289879	0.285991	0.286816	0.289799	0.292216	0.289040	0.289591	0.285397	0.288354	0.284956	0.289524	0.283876	0.291430	0.291686	0.291117	0.289788	0.286335	0.292385	0.285801	0.292345	0.346026	0.293483	0.289971	0.291547	0.283028	0.285226	0.292338	0.291385	0.293169	0.285758	0.285018	0.284148	0.342019	0.292119	0.283159	0.289832	0.284010	0.291098	0.276496	0.283442	0.289712	0.344068	0.275333	0.292655	0.294099	0.285387	0.292567	0.286191	0.285301	0.283594	0.289724	0.280645	0.288345	0.292326	0.290944	0.288947	0.289320	0.295876	0.286451	0.291670	0.288346	0.291838	0.286220	0.293241	0.345559	0.289920	0.282934	0.286511	0.346172	0.285009	0.285142	0.295467	0.286146	0.282863	0.296072	0.276984	0.292190	0.306624	0.312396	0.313702	0.290148	0.289811	0.309963	0.284358	0.311192	0.311319	0.307243	0.304564	0.300192	0.299259	0.309165	0.305104	0.306109	0.308837	0.308487	0.309445	0.302475	0.313222	0.299748	0.163291	0.174489	0.151952	0.156121	0.161461	0.158370	0.305335	0.288751	0.166842	0.167142	
0.279495	0.165430	0.159069	0.282700	0.160895	0.000000	0.161439	0.278867	0.159462	0.158688	0.163643	0.159156	0.285300	0.286519	0.286525	0.285231	0.342586	0.346142	0.280472	0.290616	0.294591	0.339216	0.288500	0.344808	0.289458	0.291294	0.284723	0.283412	0.288962	0.294221	0.291623	0.279824	0.292467	0.284936	0.289244	0.289978	0.294162	0.290235	0.290132	0.288343	0.289247	0.291716	0.290795	0.280966	0.285085	0.293285	0.286941	0.285480	0.280811	0.283130	0.290226	0.285317	0.338757	0.292756	0.284236	0.326876	0.286865	0.282048	0.288136	0.291928	0.285221	0.343317	0.286424	0.286081	0.291163	0.286364	0.285925	0.286080	0.282660	0.284772	0.297735	0.290616	0.286349	0.292236	0.288904	0.284696	0.286282	0.283013	0.287655	0.283629	0.281122	0.288532	0.285672	0.294411	0.336147	0.296471	0.278737	0.289395	0.290932	0.290240	0.289566	0.278949	0.290417	0.290353	0.288551	0.284966	0.288935	0.291804	0.286716	0.289520	0.286274	0.284565	0.284554	0.286383	0.283459	0.288998	0.288665	0.288407	0.291963	0.285388	0.289611	0.283782	0.287788	0.340207	0.289038	0.286537	0.289891	0.284419	0.284959	0.293491	0.288856	0.293568	0.279749	0.286901	0.284677	0.337275	0.287066	0.280452	0.292545	0.278828	0.288015	0.278391	0.282159	0.288421	0.342530	0.277089	0.290103	0.292572	0.285809	0.287483	0.281768	0.283181	0.288885	0.286599	0.282759	0.286222	0.290812	0.285850	0.289917	0.287768	0.295044	0.285547	0.290060	0.285704	0.291037	0.277869	0.291196	0.340316	0.285305	0.281168	0.288504	0.340187	0.279665	0.284214	0.293600	0.280743	0.284701	0.292778	0.278473	0.288250	0.304161	0.305271	0.305464	0.293418	0.294441	0.305657	0.284898	0.307288	0.306925	0.302105	0.298314	0.301045	0.297620	0.304155	0.299538	0.304551	0.303092	0.302408	0.303138	0.299825	0.304614	0.296413	0.164179	0.170070	0.158303	0.155722	0.166837	0.161483	0.299624	0.287924	0.166425	0.165168	
0.283691	0.169352	0.160837	0.284121	0.164739	0.161439	0.000000	0.284268	0.161877	0.158409	0.159596	0.158485	0.289291	0.283558	0.290555	0.287010	0.340240	0.345905	0.286216	0.294353	0.292416	0.345728	0.287098	0.344597	0.286440	0.288264	0.283768	0.286184	0.287359	0.291782	0.296329	0.280976	0.293162	0.286015	0.291075	0.295230	0.293460	0.288104	0.293759	0.291439	0.293359	0.292642	0.297694	0.284309	0.288822	0.293704	0.289967	0.289423	0.282926	0.282424	0.292580	0.289326	0.339744	0.292196	0.284499	0.328445	0.288792	0.280772	0.284277	0.290171	0.286289	0.343867	0.291464	0.294379	0.288949	0.291588	0.287491	0.290283	0.286664	0.284694	0.295870	0.290515	0.292360	0.292166	0.291807	0.288093	0.285777	0.289637	0.288018	0.283401	0.283023	0.291764	0.283171	0.298486	0.339804	0.294755	0.283685	0.291285	0.290698	0.287582	0.287341	0.282742	0.286651	0.290877	0.288195	0.284446	0.290816	0.296143	0.287518	0.288551	0.289574	0.283326	0.286639	0.290395	0.286119	0.288398	0.290902	0.291395	0.284802	0.287730	0.290264	0.284817	0.289714	0.340469	0.290872	0.287512	0.287208	0.290349	0.286358	0.292867	0.291636	0.296333	0.283793	0.283773	0.285325	0.346435	0.291639	0.282181	0.292971	0.283125	0.287398	0.280990	0.284706	0.288644	0.345481	0.282259	0.286510	0.288112	0.285871	0.293693	0.284299	0.284408	0.282855	0.283175	0.285824	0.287554	0.291356	0.288664	0.284389	0.287350	0.289735	0.288428	0.287026	0.290839	0.292308	0.282757	0.293514	0.342142	0.289929	0.281610	0.284480	0.344349	0.279484	0.289376	0.293132	0.283972	0.283929	0.295616	0.274771	0.285914	0.307430	0.308554	0.307261	0.292348	0.293946	0.308698	0.283104	0.307419	0.305560	0.308309	0.302055	0.304482	0.298328	0.306574	0.303163	0.305872	0.305427	0.308504	0.303155	0.301715	0.307497	0.298045	0.170167	0.171470	0.167085	0.158325	0.163606	0.166852	0.301011	0.287130	0.159876	0.166174	
0.142061	0.259765	0.285912	0.158598	0.274987	0.278867	0.284268	0.000000	0.276921	0.283111	0.292763	0.278891	0.272500	0.270804	0.269804	0.275322	0.322902	0.329203	0.275847	0.275232	0.280956	0.322570	0.269551	0.322531	0.273022	0.273806	0.279290	0.277242	0.273836	0.283571	0.280866	0.274459	0.283408	0.275383	0.275246	0.281093	0.283351	0.286072	0.285303	0.280933	0.283697	0.283654	0.281797	0.275075	0.275130	0.288905	0.274554	0.271114	0.275182	0.281427	0.272388	0.266802	0.327821	0.276442	0.280378	0.318661	0.275899	0.278206	0.278711	0.286914	0.273739	0.331430	0.274979	0.275921	0.273971	0.272922	0.272180	0.280950	0.273945	0.280440	0.283758	0.269720	0.274005	0.279456	0.278046	0.278657	0.279110	0.274416	0.270724	0.267872	0.279352	0.289011	0.277360	0.284342	0.323366	0.271699	0.263209	0.281140	0.290089	0.278858	0.282700	0.267079	0.285607	0.284538	0.274223	0.277068	0.272327	0.289126	0.274323	0.268287	0.269111	0.273435	0.275016	0.273571	0.274355	0.279705	0.279327	0.281552	0.279042	0.275218	0.272300	0.283558	0.283734	0.327279	0.278662	0.279207	0.279749	0.236688	0.268208	0.283266	0.272628	0.280993	0.266710	0.268646	0.269968	0.322125	0.278260	0.271878	0.268256	0.269478	0.276079	0.269281	0.272550	0.277992	0.323007	0.269151	0.278406	0.278195	0.273401	0.280238	0.276714	0.274405	0.276399	0.281198	0.272401	0.281203	0.271805	0.270824	0.279204	0.273486	0.285838	0.276057	0.276227	0.273409	0.280145	0.273955	0.280009	0.328894	0.273388	0.273228	0.277108	0.322774	0.271481	0.273607	0.278206	0.272551	0.269561	0.274768	0.264960	0.276490	0.292831	0.302854	0.297176	0.276409	0.274359	0.299873	0.277606	0.298199	0.307600	0.296665	0.293141	0.290856	0.277148	0.297633	0.290354	0.293352	0.295998	0.295447	0.295986	0.289560	0.300925	0.285900	0.264728	0.291388	0.271292	0.273202	0.281056	0.269769	0.289308	0.276289	0.289622	0.294741	
0.274978	0.157819	0.160447	0.276617	0.160422	0.159462	0.161877	0.276921	0.000000	0.161671	0.166704	0.157393	0.284452	0.291876	0.288542	0.287959	0.346269	0.346934	0.286416	0.292204	0.294756	0.342687	0.288473	0.346090	0.289912	0.290842	0.286686	0.288397	0.288466	0.292634	0.297699	0.284054	0.293296	0.286784	0.291893	0.295938	0.295931	0.291702	0.299482	0.297083	0.295646	0.296322	0.300297	0.282361	0.289177	0.294646	0.288520	0.290782	0.282004	0.283372	0.289717	0.288838	0.343321	0.294758	0.288164	0.326649	0.291164	0.286305	0.293673	0.290320	0.285134	0.342133	0.290623	0.295366	0.283935	0.289317	0.290164	0.291876	0.289170	0.287067	0.296274	0.290151	0.288773	0.291555	0.287824	0.289715	0.287775	0.287688	0.286937	0.286348	0.286089	0.288858	0.289973	0.294881	0.338005	0.293341	0.278279	0.288786	0.290788	0.289828	0.289419	0.281314	0.287471	0.291342	0.286940	0.288270	0.290206	0.290391	0.287963	0.289797	0.290864	0.288031	0.284898	0.292339	0.286117	0.289047	0.290407	0.285615	0.292229	0.289910	0.290763	0.288550	0.289057	0.341342	0.293760	0.289617	0.291210	0.282743	0.285578	0.295529	0.291449	0.296897	0.281188	0.288285	0.286342	0.338912	0.294446	0.281738	0.293942	0.282343	0.288819	0.273922	0.280793	0.287594	0.339822	0.276833	0.294579	0.295770	0.283207	0.291357	0.284645	0.287718	0.286478	0.289109	0.283537	0.290985	0.290343	0.290355	0.289447	0.288554	0.292158	0.285453	0.288802	0.287640	0.292256	0.285117	0.291176	0.338899	0.288503	0.280357	0.288754	0.339057	0.283257	0.285526	0.295043	0.280931	0.282353	0.291336	0.275789	0.290313	0.307879	0.311747	0.312018	0.294131	0.292125	0.308065	0.283359	0.308622	0.311209	0.305684	0.303130	0.303885	0.294857	0.307663	0.302803	0.306029	0.307608	0.308141	0.303240	0.304490	0.312576	0.298497	0.159938	0.168370	0.156399	0.155472	0.166806	0.157577	0.305011	0.284820	0.168430	0.168643	
0.283128	0.169126	0.160026	0.283019	0.158222	0.158688	0.158409	0.283111	0.161671	0.000000	0.162808	0.156584	0.290445	0.287307	0.290607	0.289456	0.344440	0.352460	0.290888	0.294697	0.294514	0.347871	0.288592	0.349831	0.288653	0.291247	0.287518	0.287011	0.290002	0.297896	0.300437	0.285619	0.296198	0.286809	0.291915	0.295495	0.296537	0.291633	0.294821	0.293720	0.294035	0.296083	0.298025	0.285429	0.287992	0.296250	0.291983	0.292423	0.284276	0.285535	0.293097	0.291447	0.343812	0.295010	0.288900	0.330341	0.293331	0.288625	0.294958	0.291216	0.284039	0.347806	0.291267	0.292236	0.292977	0.291872	0.288132	0.289215	0.290063	0.287763	0.297685	0.292931	0.292871	0.296283	0.294031	0.292721	0.290232	0.284433	0.294087	0.286009	0.284352	0.293331	0.286718	0.296936	0.342985	0.296784	0.282550	0.292857	0.294603	0.293050	0.294200	0.285735	0.291149	0.293910	0.292366	0.288642	0.294483	0.296905	0.289468	0.296661	0.291963	0.288900	0.284959	0.294075	0.288991	0.292258	0.292435	0.291256	0.292842	0.289227	0.293365	0.285282	0.289134	0.346774	0.296340	0.292696	0.294393	0.283740	0.287005	0.299081	0.292090	0.297524	0.283309	0.289992	0.289632	0.342579	0.296411	0.282689	0.293051	0.287037	0.290742	0.282467	0.284014	0.290525	0.347666	0.277639	0.295695	0.291592	0.287054	0.291614	0.287573	0.288246	0.286397	0.287775	0.288524	0.287572	0.291133	0.296065	0.291401	0.292387	0.295991	0.288779	0.294676	0.293654	0.292074	0.284893	0.293190	0.345462	0.287526	0.284451	0.291198	0.348237	0.288639	0.290602	0.298279	0.283261	0.284210	0.297590	0.278063	0.293703	0.308114	0.313079	0.311428	0.294937	0.296650	0.308001	0.290432	0.313813	0.309364	0.310929	0.306340	0.305679	0.301000	0.310629	0.307619	0.307506	0.308499	0.304767	0.308692	0.302126	0.310342	0.301310	0.163234	0.171322	0.162207	0.161599	0.160073	0.160392	0.309232	0.289758	0.163962	0.163490	
0.290128	0.173157	0.165487	0.294907	0.166128	0.163643	0.159596	0.292763	0.166704	0.162808	0.000000	0.161368	0.290752	0.290725	0.292374	0.286087	0.345046	0.352546	0.287611	0.292403	0.295965	0.349124	0.299942	0.353187	0.289855	0.291624	0.290099	0.287825	0.292166	0.297662	0.295990	0.283368	0.294728	0.287755	0.292106	0.296768	0.294558	0.292316	0.299288	0.297058	0.292132	0.299471	0.298891	0.287075	0.289268	0.297113	0.294619	0.293333	0.288623	0.287430	0.296806	0.292611	0.343712	0.295458	0.291349	0.331761	0.292549	0.287060	0.293842	0.295459	0.288661	0.346673	0.298744	0.291144	0.295036	0.291519	0.292020	0.291184	0.287512	0.287260	0.296523	0.295946	0.297520	0.293551	0.288989	0.291564	0.288995	0.290627	0.291826	0.285756	0.284030	0.292584	0.287134	0.300735	0.344469	0.291639	0.288228	0.296342	0.291846	0.286086	0.294709	0.284774	0.290579	0.294712	0.291937	0.291721	0.296629	0.299482	0.294648	0.291547	0.292200	0.287709	0.289747	0.294748	0.289351	0.293530	0.292535	0.292134	0.288353	0.290194	0.293693	0.288453	0.291762	0.344840	0.298765	0.293397	0.288166	0.296010	0.291348	0.295201	0.297281	0.297550	0.283094	0.286272	0.292758	0.344295	0.291035	0.282549	0.296307	0.286991	0.291673	0.287177	0.287477	0.287551	0.347611	0.282778	0.298212	0.292115	0.285807	0.288779	0.285694	0.287836	0.293342	0.287381	0.291321	0.290774	0.292575	0.290734	0.288670	0.289305	0.295269	0.292511	0.292972	0.290693	0.298852	0.286960	0.294229	0.342560	0.289146	0.285263	0.290147	0.347111	0.290243	0.291703	0.292234	0.286880	0.285954	0.297346	0.281053	0.292513	0.309739	0.310873	0.311201	0.294679	0.293948	0.305530	0.288743	0.310454	0.306211	0.308399	0.304595	0.307148	0.304259	0.307940	0.305632	0.306017	0.308370	0.306866	0.309522	0.303641	0.310214	0.302124	0.170042	0.168145	0.167304	0.166319	0.159511	0.167933	0.305136	0.288589	0.166405	0.166108	
0.278796	0.161533	0.158466	0.278409	0.158315	0.159156	0.158485	0.278891	0.157393	0.156584	0.161368	0.000000	0.283945	0.288653	0.289554	0.286213	0.344656	0.350649	0.284726	0.292194	0.291608	0.344787	0.288335	0.348522	0.286440	0.291297	0.286401	0.288133	0.290621	0.293826	0.295370	0.280214	0.295584	0.282650	0.291096	0.296515	0.296742	0.289999	0.297816	0.294844	0.292983	0.296065	0.297732	0.280561	0.293723	0.295461	0.289534	0.287829	0.286439	0.284792	0.294305	0.285704	0.339865	0.294131	0.286754	0.330715	0.290561	0.280921	0.292454	0.296594	0.287696	0.341348	0.287528	0.290637	0.288247	0.290432	0.285300	0.290861	0.285545	0.288494	0.296041	0.294618	0.289151	0.290124	0.288077	0.290452	0.286670	0.289793	0.291114	0.285069	0.281928	0.291626	0.287936	0.301227	0.342780	0.297925	0.280073	0.292627	0.293814	0.287612	0.289126	0.282032	0.289520	0.293095	0.290174	0.288705	0.290982	0.296171	0.287915	0.294378	0.289362	0.286611	0.284354	0.290332	0.287158	0.291900	0.291555	0.295144	0.292302	0.289165	0.292663	0.285439	0.290461	0.339507	0.291145	0.289509	0.292953	0.283249	0.283702	0.293979	0.292061	0.298696	0.284862	0.287760	0.287871	0.339604	0.291935	0.281436	0.288680	0.284416	0.287266	0.273974	0.277344	0.288001	0.344031	0.277373	0.293136	0.291660	0.283697	0.291255	0.281689	0.286521	0.287265	0.286906	0.285515	0.288329	0.295291	0.289534	0.290374	0.287820	0.295840	0.285619	0.287586	0.286530	0.294749	0.286122	0.290311	0.335355	0.287717	0.283069	0.289552	0.343525	0.284677	0.285456	0.291981	0.281657	0.283274	0.297471	0.272302	0.290149	0.305978	0.311661	0.310483	0.292115	0.295240	0.308262	0.285630	0.310383	0.310889	0.307951	0.306238	0.305668	0.297554	0.310178	0.300777	0.306025	0.307260	0.307777	0.307783	0.303299	0.312192	0.297393	0.161500	0.171728	0.160634	0.153655	0.161345	0.158466	0.301664	0.285577	0.165336	0.166508	
0.270119	0.294107	0.285852	0.265147	0.286792	0.285300	0.289291	0.272500	0.284452	0.290445	0.290752	0.283945	0.000000	0.269245	0.269280	0.267812	0.323334	0.332133	0.265667	0.268162	0.272418	0.331039	0.267961	0.329448	0.262183	0.275980	0.267992	0.268138	0.273536	0.276527	0.273593	0.270157	0.269669	0.266435	0.272273	0.271359	0.267601	0.270190	0.267992	0.274063	0.269317	0.273943	0.275116	0.263166	0.266661	0.273740	0.264686	0.266275	0.278234	0.264344	0.267132	0.269411	0.325068	0.272547	0.270167	0.317360	0.269002	0.267741	0.266858	0.275339	0.265645	0.332743	0.265422	0.275966	0.267756	0.270207	0.267311	0.267713	0.271388	0.275634	0.273536	0.271318	0.270495	0.274317	0.269030	0.265973	0.268010	0.260838	0.267737	0.268373	0.267711	0.278680	0.266903	0.271885	0.332446	0.266282	0.271809	0.272827	0.279676	0.271662	0.272339	0.272218	0.275824	0.276242	0.265265	0.272680	0.266672	0.273321	0.269100	0.268183	0.265432	0.276490	0.273901	0.269614	0.266427	0.271923	0.271937	0.271349	0.269969	0.263100	0.272453	0.265832	0.267388	0.331833	0.271818	0.266536	0.267108	0.269601	0.277108	0.275735	0.268269	0.262427	0.269785	0.272948	0.263768	0.329941	0.277422	0.269886	0.266235	0.274822	0.276424	0.270310	0.262859	0.270726	0.328673	0.270219	0.279707	0.270830	0.270242	0.271917	0.259523	0.270566	0.265821	0.273296	0.271481	0.271533	0.270108	0.272066	0.269902	0.269214	0.272087	0.268846	0.275152	0.269449	0.269103	0.269061	0.270218	0.331455	0.269650	0.261263	0.269965	0.334932	0.269058	0.263134	0.276921	0.263138	0.267241	0.268347	0.265715	0.269627	0.283771	0.290946	0.293473	0.271179	0.275604	0.290153	0.268406	0.291215	0.291928	0.288217	0.283804	0.292979	0.292114	0.288290	0.285557	0.284332	0.285962	0.289887	0.287645	0.288566	0.287584	0.283686	0.284633	0.288902	0.288423	0.285321	0.285189	0.285679	0.284669	0.267270	0.284974	0.290586	
0.267479	0.292050	0.289340	0.267880	0.288937	0.286519	0.283558	0.270804	0.291876	0.287307	0.290725	0.288653	0.269245	0.000000	0.266913	0.264148	0.324639	0.334402	0.263092	0.272574	0.265860	0.330650	0.262510	0.331179	0.263407	0.269273	0.266570	0.270382	0.269265	0.272134	0.265683	0.265986	0.269453	0.272988	0.269411	0.272787	0.268527	0.266703	0.271518	0.273094	0.270924	0.271971	0.272528	0.266736	0.270708	0.273444	0.264402	0.266812	0.275661	0.264276	0.266657	0.266160	0.321715	0.269562	0.268280	0.314388	0.272182	0.267957	0.261612	0.275162	0.256193	0.335513	0.268219	0.266930	0.266195	0.267399	0.263398	0.267587	0.267729	0.268219	0.272827	0.265136	0.269205	0.269632	0.272000	0.265339	0.274987	0.271042	0.270399	0.266261	0.274600	0.274934	0.269882	0.277046	0.327997	0.267712	0.265668	0.270958	0.278366	0.266706	0.273501	0.266583	0.274725	0.267794	0.270121	0.267124	0.270165	0.274826	0.269026	0.267856	0.269811	0.265985	0.268831	0.268703	0.267051	0.268098	0.268228	0.267734	0.263724	0.265638	0.267644	0.268346	0.267812	0.334043	0.276651	0.262495	0.266257	0.268686	0.272442	0.273020	0.270122	0.270504	0.263045	0.262737	0.265897	0.329674	0.266574	0.264582	0.266779	0.261954	0.264297	0.269775	0.265694	0.274074	0.331632	0.262902	0.267355	0.265073	0.265804	0.264734	0.263790	0.268192	0.262509	0.266916	0.269988	0.265434	0.267488	0.264121	0.269211	0.268794	0.270228	0.267169	0.273620	0.266892	0.265484	0.263311	0.268760	0.331742	0.270957	0.270782	0.264188	0.330599	0.264915	0.272626	0.271329	0.273254	0.262718	0.268294	0.260670	0.265736	0.281061	0.287781	0.288281	0.270237	0.273286	0.287915	0.263370	0.284099	0.288189	0.285312	0.281390	0.282960	0.287896	0.285912	0.282130	0.284045	0.286583	0.284405	0.285600	0.285140	0.286308	0.284058	0.291540	0.291484	0.288799	0.289014	0.284468	0.289295	0.283219	0.267170	0.288905	0.290320	
0.269043	0.291915	0.289898	0.270029	0.290507	0.286525	0.290555	0.269804	0.288542	0.290607	0.292374	0.289554	0.269280	0.266913	0.000000	0.264046	0.327166	0.335030	0.264186	0.274469	0.273931	0.332300	0.274497	0.333819	0.270225	0.273727	0.268517	0.272707	0.272312	0.273401	0.278821	0.272366	0.278143	0.273209	0.272992	0.275999	0.271901	0.270136	0.275535	0.277374	0.270686	0.278333	0.275782	0.264730	0.270679	0.279624	0.274608	0.272763	0.272055	0.271479	0.272299	0.269848	0.320709	0.275404	0.270043	0.310867	0.273896	0.271020	0.275547	0.270990	0.268957	0.329183	0.275946	0.278027	0.270012	0.274272	0.268930	0.277769	0.268446	0.276223	0.285511	0.272014	0.273518	0.276781	0.278028	0.270619	0.276914	0.273972	0.274552	0.279967	0.274557	0.275764	0.270067	0.276643	0.327645	0.272440	0.274006	0.272150	0.270142	0.268801	0.271902	0.274180	0.272448	0.277458	0.276091	0.271427	0.276342	0.280797	0.271643	0.278114	0.274536	0.272829	0.280870	0.272700	0.274519	0.275055	0.274949	0.274937	0.271163	0.269929	0.271339	0.270769	0.278234	0.329637	0.276727	0.278347	0.273227	0.269686	0.271167	0.275857	0.270879	0.274242	0.272700	0.271541	0.268894	0.326710	0.272292	0.269686	0.266397	0.272193	0.272965	0.274780	0.263150	0.276542	0.326802	0.272902	0.278066	0.272397	0.270345	0.273187	0.267006	0.267122	0.265735	0.270092	0.271161	0.268830	0.273351	0.267399	0.274243	0.275335	0.278653	0.272897	0.272394	0.275203	0.279051	0.271444	0.275327	0.330138	0.279706	0.269386	0.273991	0.325172	0.271500	0.271821	0.282337	0.271630	0.271190	0.272741	0.272026	0.260778	0.287746	0.293471	0.294135	0.273198	0.274154	0.291379	0.271680	0.294144	0.292459	0.289350	0.287477	0.288679	0.295342	0.293317	0.284025	0.287387	0.287070	0.288071	0.293077	0.285938	0.292287	0.282063	0.293856	0.293088	0.291962	0.285992	0.285543	0.289963	0.286509	0.270971	0.289546	0.293094	
0.268564	0.284332	0.284637	0.268738	0.284855	0.285231	0.287010	0.275322	0.287959	0.289456	0.286087	0.286213	0.267812	0.264148	0.264046	0.000000	0.326366	0.335664	0.269636	0.272456	0.271468	0.331130	0.265872	0.334153	0.265854	0.264969	0.267243	0.268638	0.267384	0.270827	0.271111	0.264110	0.270911	0.267921	0.270974	0.276213	0.274368	0.269914	0.270372	0.276173	0.275615	0.279107	0.277132	0.262923	0.270659	0.278084	0.264903	0.271327	0.267674	0.267099	0.270453	0.267388	0.326850	0.271225	0.272398	0.314198	0.265838	0.264996	0.265507	0.267517	0.265729	0.326132	0.272935	0.269700	0.266808	0.264027	0.265039	0.270669	0.268547	0.270028	0.277576	0.265036	0.270065	0.273776	0.274231	0.267741	0.275915	0.268067	0.272051	0.265822	0.269572	0.273690	0.267505	0.278686	0.334963	0.274567	0.264045	0.263934	0.274030	0.267732	0.268174	0.268232	0.276351	0.271073	0.266860	0.271975	0.268571	0.270979	0.266099	0.268351	0.267679	0.270378	0.272972	0.268868	0.266294	0.264779	0.270890	0.266750	0.269328	0.261762	0.271960	0.261688	0.271041	0.331648	0.269735	0.269331	0.270776	0.272479	0.272798	0.269153	0.268585	0.269274	0.265204	0.259589	0.265240	0.333459	0.273521	0.264284	0.269015	0.265025	0.274775	0.273096	0.263789	0.269805	0.327616	0.265295	0.272148	0.269733	0.262592	0.268903	0.266060	0.268669	0.263435	0.265893	0.269213	0.269121	0.269943	0.265723	0.271472	0.269735	0.268536	0.263624	0.271021	0.268198	0.272946	0.267189	0.266496	0.330504	0.273331	0.261882	0.263477	0.328239	0.263637	0.262004	0.272046	0.264717	0.266818	0.267038	0.264249	0.267385	0.286583	0.288963	0.288721	0.271110	0.273732	0.289044	0.268873	0.287174	0.290802	0.285115	0.288595	0.290997	0.283646	0.288934	0.284060	0.284482	0.286812	0.284548	0.287739	0.283982	0.287110	0.282422	0.290514	0.288372	0.284845	0.283844	0.283895	0.284671	0.282128	0.266259	0.285704	0.289863	
0.333096	0.343025	0.344742	0.331098	0.342086	0.342586	0.340240	0.322902	0.346269	0.344440	0.345046	0.344656	0.323334	0.324639	0.327166	0.326366	0.000000	0.108935	0.332149	0.329358	0.334337	0.115036	0.328881	0.114360	0.334188	0.326571	0.328177	0.335194	0.329943	0.341273	0.334782	0.324288	0.334334	0.328105	0.341612	0.334245	0.334464	0.335998	0.339802	0.339666	0.329524	0.342561	0.339008	0.328866	0.331504	0.340472	0.331860	0.332654	0.331854	0.329085	0.333804	0.333274	0.198574	0.336476	0.337700	0.208884	0.326574	0.322887	0.328882	0.333363	0.327690	0.219103	0.324460	0.335922	0.331409	0.333923	0.327302	0.335594	0.332951	0.331657	0.336659	0.330043	0.326631	0.332831	0.333953	0.328373	0.333067	0.330329	0.334101	0.333186	0.333932	0.330910	0.329721	0.334836	0.221618	0.329902	0.326965	0.326156	0.335027	0.325374	0.333806	0.334486	0.333923	0.328676	0.329507	0.324469	0.326706	0.332451	0.334165	0.331392	0.326478	0.336978	0.340157	0.327987	0.327957	0.328527	0.330794	0.329924	0.337020	0.331471	0.332125	0.328999	0.331715	0.228540	0.333600	0.336975	0.331774	0.332266	0.334504	0.330899	0.333634	0.334411	0.328072	0.332714	0.329491	0.225815	0.333834	0.332355	0.334573	0.334994	0.328737	0.327676	0.327169	0.329499	0.226891	0.327941	0.338557	0.332858	0.327353	0.328765	0.329120	0.336612	0.327198	0.331197	0.320209	0.338883	0.330427	0.331419	0.329915	0.332508	0.331408	0.331802	0.333097	0.327485	0.329123	0.323508	0.330010	0.225577	0.330998	0.324537	0.335614	0.223611	0.330473	0.326494	0.331154	0.330458	0.331728	0.329720	0.330241	0.330253	0.347570	0.354324	0.357080	0.327095	0.335657	0.348486	0.336072	0.354427	0.353460	0.349189	0.351587	0.352395	0.352142	0.354827	0.351849	0.347397	0.345065	0.348880	0.350466	0.354483	0.354518	0.345979	0.340920	0.341603	0.341844	0.338678	0.338790	0.347222	0.351073	0.332921	0.342410	0.344758	
0.332367	0.347885	0.350387	0.334948	0.348497	0.346142	0.345905	0.329203	0.346934	0.352460	0.352546	0.350649	0.332133	0.334402	0.335030	0.335664	0.108935	0.000000	0.343955	0.339656	0.338136	0.113846	0.333540	0.110021	0.340654	0.339627	0.339793	0.342902	0.336588	0.347813	0.340848	0.334109	0.340074	0.337317	0.345057	0.342303	0.342489	0.342940	0.344153	0.345159	0.336886	0.349063	0.346300	0.337488	0.337860	0.344788	0.338761	0.336865	0.338571	0.336311	0.344876	0.340475	0.197331	0.342912	0.341469	0.214595	0.339060	0.333982	0.334497	0.343107	0.336287	0.217062	0.332496	0.338496	0.337597	0.338371	0.333981	0.339389	0.337726	0.335681	0.340096	0.335025	0.335266	0.335277	0.343616	0.336390	0.344895	0.335322	0.335765	0.340985	0.341465	0.337197	0.337670	0.343247	0.217876	0.336497	0.336219	0.339396	0.338865	0.336983	0.341827	0.339109	0.337003	0.341760	0.335281	0.337597	0.334528	0.341865	0.342406	0.338003	0.331901	0.344609	0.345922	0.339621	0.336220	0.338315	0.339966	0.337298	0.344073	0.336470	0.339952	0.335405	0.344585	0.225561	0.343404	0.339542	0.338532	0.334269	0.341096	0.338118	0.338331	0.341000	0.330962	0.338123	0.339682	0.225038	0.339226	0.338196	0.342811	0.340514	0.336947	0.335802	0.336268	0.340321	0.222284	0.332117	0.343489	0.341387	0.340856	0.336306	0.340416	0.341628	0.336295	0.339817	0.334042	0.341610	0.340280	0.334468	0.337073	0.338400	0.337969	0.340767	0.340262	0.334110	0.338886	0.330608	0.335881	0.223828	0.335717	0.331680	0.339780	0.219387	0.334265	0.339446	0.339145	0.338617	0.337974	0.335440	0.336084	0.336379	0.356465	0.359302	0.359969	0.333696	0.345561	0.355769	0.339843	0.361006	0.356458	0.355531	0.360658	0.357580	0.353307	0.361383	0.353252	0.355647	0.351127	0.352660	0.353870	0.357917	0.359747	0.353639	0.348993	0.352982	0.343439	0.345570	0.344274	0.347796	0.353354	0.337930	0.348834	0.355514	
0.270069	0.292014	0.287108	0.273879	0.286140	0.280472	0.286216	0.275847	0.286416	0.290888	0.287611	0.284726	0.265667	0.263092	0.264186	0.269636	0.332149	0.343955	0.000000	0.269155	0.271239	0.335566	0.269023	0.335424	0.260687	0.270016	0.265102	0.266745	0.265738	0.274484	0.271242	0.268519	0.269203	0.269546	0.271204	0.273865	0.275954	0.264751	0.272133	0.271382	0.276877	0.270842	0.270980	0.268742	0.267197	0.270292	0.261901	0.268135	0.264437	0.263985	0.269819	0.270135	0.328521	0.269088	0.271428	0.318498	0.271093	0.262213	0.268967	0.270711	0.270894	0.333665	0.270546	0.271230	0.262016	0.270467	0.272241	0.270432	0.267514	0.270095	0.271714	0.262589	0.264322	0.270440	0.266637	0.270347	0.268755	0.275304	0.263688	0.271785	0.268220	0.278701	0.265103	0.275086	0.328518	0.265553	0.267295	0.271079	0.270240	0.271552	0.269323	0.268747	0.269427	0.270024	0.269950	0.268565	0.263728	0.271080	0.267710	0.266574	0.266304	0.270599	0.268389	0.268411	0.265044	0.269344	0.274567	0.267131	0.268765	0.266959	0.268494	0.267982	0.269608	0.329097	0.270872	0.265349	0.271410	0.269433	0.275954	0.277508	0.272707	0.274779	0.267333	0.267729	0.268808	0.334412	0.268389	0.265496	0.267651	0.263452	0.269186	0.267260	0.263774	0.267022	0.334824	0.271323	0.271347	0.266573	0.270163	0.271354	0.261624	0.265989	0.269360	0.269026	0.269978	0.273925	0.270087	0.268948	0.265092	0.271673	0.270274	0.268463	0.270353	0.268118	0.266672	0.274106	0.266740	0.331699	0.270302	0.266033	0.269397	0.336632	0.261974	0.269941	0.275769	0.266961	0.267769	0.274331	0.268624	0.263471	0.286574	0.291097	0.289921	0.268809	0.269920	0.287698	0.266662	0.290037	0.290807	0.285809	0.287054	0.282562	0.294491	0.291691	0.284234	0.286098	0.282609	0.289354	0.287349	0.284603	0.288251	0.285055	0.290440	0.286906	0.289098	0.284112	0.283745	0.284680	0.284552	0.267590	0.287596	0.291558	
0.277435	0.292200	0.293242	0.272661	0.290347	0.290616	0.294353	0.275232	0.292204	0.294697	0.292403	0.292194	0.268162	0.272574	0.274469	0.272456	0.329358	0.339656	0.269155	0.000000	0.278139	0.334160	0.275777	0.335177	0.262426	0.273212	0.273614	0.268525	0.272305	0.272569	0.270272	0.275107	0.273998	0.271036	0.275317	0.271353	0.276721	0.263859	0.272530	0.281449	0.278201	0.273727	0.271228	0.270537	0.273889	0.273718	0.265370	0.266842	0.280976	0.266652	0.265262	0.269537	0.326625	0.265848	0.277041	0.323994	0.271253	0.270609	0.272932	0.273637	0.267984	0.330086	0.270058	0.271647	0.272641	0.274995	0.269435	0.273378	0.270593	0.274454	0.276304	0.274901	0.269882	0.276610	0.274319	0.270249	0.277175	0.270777	0.272219	0.275820	0.275664	0.276803	0.273961	0.269813	0.331246	0.274198	0.274198	0.274334	0.274531	0.271445	0.273130	0.271426	0.273103	0.270915	0.275363	0.269848	0.270906	0.278389	0.266101	0.273267	0.270142	0.273674	0.277179	0.272379	0.275401	0.267629	0.271696	0.271608	0.274508	0.272562	0.278511	0.268948	0.275148	0.335789	0.272601	0.274298	0.273882	0.273167	0.275273	0.279334	0.273894	0.273253	0.270160	0.268560	0.269087	0.337053	0.276690	0.267664	0.277172	0.270365	0.279105	0.276622	0.272562	0.273209	0.333133	0.276125	0.275250	0.275677	0.270135	0.270369	0.268827	0.268643	0.272845	0.273277	0.270496	0.279344	0.276286	0.270984	0.269453	0.275452	0.277473	0.271766	0.277439	0.275353	0.271705	0.271080	0.275082	0.332242	0.269267	0.272989	0.272913	0.335536	0.269376	0.274157	0.274835	0.273846	0.271763	0.270085	0.269580	0.273525	0.291174	0.292290	0.293085	0.275007	0.273359	0.294109	0.272615	0.293128	0.291311	0.292479	0.287388	0.286857	0.294625	0.296358	0.286368	0.287747	0.286469	0.290311	0.293452	0.291368	0.293325	0.286371	0.295138	0.293371	0.297525	0.289333	0.292253	0.290230	0.290236	0.271864	0.294033	0.293542	
0.280359	0.295891	0.293741	0.278774	0.294199	0.294591	0.292416	0.280956	0.294756	0.294514	0.295965	0.291608	0.272418	0.265860	0.273931	0.271468	0.334337	0.338136	0.271239	0.278139	0.000000	0.340215	0.273219	0.338874	0.267128	0.270386	0.271079	0.272801	0.274773	0.276041	0.273548	0.269681	0.276358	0.274277	0.271293	0.278924	0.274655	0.277544	0.279656	0.279454	0.273928	0.282032	0.280630	0.265199	0.275726	0.279019	0.270005	0.271991	0.271662	0.271621	0.271705	0.270706	0.329016	0.274170	0.276384	0.326163	0.275965	0.273695	0.274742	0.277802	0.282008	0.337467	0.279808	0.276590	0.271464	0.277152	0.270427	0.279449	0.272647	0.276033	0.277875	0.276668	0.280148	0.274774	0.273899	0.276385	0.276209	0.275389	0.274837	0.272082	0.277753	0.281009	0.271219	0.282261	0.335384	0.269691	0.277769	0.273285	0.278754	0.274811	0.278152	0.272335	0.275431	0.279962	0.269116	0.276425	0.273321	0.275299	0.277021	0.273132	0.272111	0.273569	0.278580	0.274967	0.270312	0.276908	0.279804	0.273490	0.276951	0.272014	0.277287	0.276642	0.268809	0.334823	0.279176	0.279904	0.273657	0.273700	0.278526	0.271440	0.279012	0.277899	0.271025	0.276862	0.273634	0.333384	0.276195	0.275215	0.268907	0.274032	0.272900	0.278682	0.266382	0.280948	0.335385	0.271818	0.278313	0.272653	0.278744	0.277191	0.272229	0.271786	0.274744	0.269806	0.278335	0.271118	0.273344	0.269823	0.276751	0.272229	0.270029	0.270922	0.271259	0.272727	0.278269	0.276121	0.265627	0.334997	0.277359	0.272822	0.273141	0.333157	0.272129	0.271795	0.277993	0.273649	0.273874	0.274628	0.270047	0.271910	0.285891	0.295848	0.291834	0.273327	0.273510	0.295537	0.274600	0.290752	0.295726	0.286494	0.287441	0.290055	0.289408	0.292842	0.291021	0.289073	0.288054	0.287496	0.287768	0.289368	0.291400	0.289581	0.291588	0.295217	0.293856	0.294565	0.291612	0.288643	0.289709	0.276381	0.291993	0.297417	
