0.12097962049257360295 0.23745862816748938839 0.48761823037273671622 0.15394351996720026521 0.00000000100000000000 
0.00004559474609344864 0.25928368480563568355 0.74031280637632246311 0.00000000100000000000 0.00035791307194856002 
0.00000000099999999999 0.00000000099999999999 0.00000000099999999999 0.67960653078421995321 0.32039346621578007612 
0.99999999600000011313 0.00000000099999999999 0.00000000099999999999 0.00000000099999999999 0.00000000099999999999 
0.24173942564818959311 0.17261051453168543834 0.23478467005667968959 0.35086538876344530724 0.00000000100000000000 
0.99999999600000011313 0.00000000099999999996 0.00000000099999999996 0.00000000099999999996 0.00000000099999999996 
0.00000000216641739023 0.00000000190665439069 0.55133807026169534549 0.00000000100000000000 0.44866192466523274751 
0.00000000099999999999 0.00000000191861285520 0.38898513383610888727 0.61101486224527823410 0.00000000099999999999 
0.25760599193672717444 0.04521915929763675734 0.35368506652236059162 0.00000000100000000000 0.34348978124327544936 
0.20990132155105900580 0.00000000100000000000 0.34899436599795402580 0.30616904476516326739 0.13493526668582367378 
0.00000000099999999997 0.00000000099999999997 0.00000000099999999997 0.00000000099999999997 0.99999999599999989108 
0.34189593188484762587 0.00000000099999999999 0.25622490254786894903 0.00000000099999999999 0.40187916356728348166 
0.36688318503698358342 0.15949947509632819709 0.00000000100000000000 0.00000000100000000000 0.47361733786668835933 
0.00000000099999999999 0.29633237143907714684 0.70366762556092277148 0.00000000099999999999 0.00000000099999999999 
0.99999999600000011313 0.00000000099999999996 0.00000000099999999996 0.00000000099999999996 0.00000000099999999996 
0.00000000099999999999 0.00000000099999999999 0.50670455545966475164 0.00000000099999999999 0.49329544154033527770 
0.00000000099999999999 0.62294024081618282196 0.00000000099999999999 0.37705975618381731840 0.00000000099999999999 
0.00000000099999999999 0.00000000099999999999 0.00000000099999999999 0.53463293231881992007 0.46536706468118005375 
0.32507875582221046340 0.12090105273610528280 0.12959937413970484821 0.14665336097815967475 0.27776745632381988349 
0.12196849340171253551 0.29934173835432381638 0.00000000100000000000 0.08781938097852476366 0.49087038626543877395 
0.00000000100000000000 0.16046796494935947064 0.48528066422396304302 0.10318438408186032806 0.25106698574481706165 
0.00000000099999999998 0.00000000099999999998 0.46809100446807849760 0.00000000099999999998 0.53190899253192147622 
0.03130024900296520668 0.28647648122012531191 0.37908552226281361230 0.13582677202862403210 0.16731097548547180232 
0.00000000099999999997 0.00000000099999999997 0.99999999600000000211 0.00000000099999999997 0.00000000099999999997 
0.00000000099999999998 0.00000000099999999998 0.00000000099999999998 0.99999999600000000211 0.00000000099999999998 
0.00000000099999999997 0.99999999600000000211 0.00000000099999999997 0.00000000099999999997 0.00000000099999999997 
0.41656328508517709297 0.00000000100000000000 0.00000000100000000000 0.26804579833997660421 0.31539091457484619285 
0.33354998506752953080 0.41346026419663151064 0.17426742232010972167 0.00002558376394355231 0.07869674465178573552 
0.00000000100000000000 0.39929518205570729839 0.00000373261492091473 0.25326172895442933264 0.34743935537494247123 
0.22913100590323948191 0.00000000099999999999 0.27001774183998894507 0.24773289107662568864 0.25311836018014582939 
0.00000000099999999996 0.00000000099999999996 0.00000000099999999996 0.99999999599999989108 0.00000000099999999996 
0.99999999600000000211 0.00000000099999999996 0.00000000099999999996 0.00000000099999999996 0.00000000099999999996 
0.21015881752225229473 0.00000000099999999999 0.00000000099999999999 0.36438904895106899451 0.42545213152667871181 
0.00000000099999999997 0.00000000099999999997 0.00000000099999999997 0.00000000099999999997 0.99999999600000000211 
0.99999999600000011313 0.00000000099999999995 0.00000000099999999995 0.00000000099999999995 0.00000000099999999995 
0.99999999600000011313 0.00000000099999999996 0.00000000099999999996 0.00000000099999999996 0.00000000099999999996 
0.00000000100000000000 0.01646756564203231271 0.21673955535707295494 0.42508671234271033779 0.34170616565818440202 
0.00000000099999999998 0.00000000099999999998 0.99999999599999989108 0.00000000099999999998 0.00000000099999999998 
0.00000000099999999996 0.00000000099999999996 0.00000000099999999996 0.00000000099999999996 0.99999999600000000211 
0.34121400737070173292 0.12132752650648967463 0.37689742308586204889 0.00000000100000000000 0.16056104203694643306 
0.00000000099999999999 0.00000000099999999999 0.39110954954937021677 0.30117133514499433433 0.30771911330563533893 
0.00000000099999999999 0.00000001122404252176 0.40217698867972506704 0.00000000099999999999 0.59782299809623240527 
0.00000000099999999997 0.00000000099999999997 0.99999999600000000211 0.00000000099999999997 0.00000000099999999997 
0.00000000099999999997 0.00000000099999999997 0.00000000099999999997 0.99999999600000000211 0.00000000099999999997 
0.28026898858092008648 0.21663140358991181400 0.00000005456257840505 0.00000000234882990941 0.50309955091775981906 
0.37086645692294484267 0.27621877934289013057 0.00000000100000000000 0.00000000100000000000 0.35291476173416519435 
0.35206396813643309196 0.00000000100000000000 0.34138842728000939886 0.11473853673144025767 0.19180906685211715490 
0.00000000099999999999 0.00000000099999999999 0.55850085626746037715 0.33074590613039245302 0.11075323560214719865 
0.36815718492523241689 0.06900467662069313668 0.00000000100000000000 0.27045486282203012873 0.29238327463204427659 
0.45435050242260377473 0.00000000099999999999 0.54564949457739619909 0.00000000099999999999 0.00000000099999999999 
0.19195146518647684952 0.44892114188287024490 0.35912737471389838406 0.00000001721675448072 0.00000000100000000000 
0.26526768655720894818 0.39437686089128348721 0.00000000099999999999 0.00000000099999999999 0.34035545055150773219 
0.17704155952860453627 0.31507593985196025166 0.08378292355711897121 0.06777699271685272420 0.35632258434546343340 
0.00000000099999999996 0.99999999600000011313 0.00000000099999999996 0.00000000099999999996 0.00000000099999999996 
0.00000000100000000000 0.31044269010885444660 0.44437511834625165186 0.00000000661959260393 0.24518218392530125027 
0.00000000099999999998 0.99999999600000011313 0.00000000099999999998 0.00000000099999999998 0.00000000099999999998 
0.11125126687610863152 0.29051282703506214888 0.37933233385780307234 0.00000000100000000000 0.21890357123102627268 
0.00000000099999999995 0.00000000099999999995 0.00000000099999999995 0.00000000099999999995 0.99999999600000000211 
0.00000000099999999994 0.00000000099999999994 0.00000000099999999994 0.00000000099999999994 0.99999999600000000211 
0.00000000099999999997 0.00000000099999999997 0.00000000099999999997 0.99999999599999989108 0.00000000099999999997 
0.35412572537185110777 0.12303887561772870740 0.20994178022111764648 0.01252745693016028838 0.30036616185914216670 
0.00000000100000000000 0.00000000100000000000 0.51194364983595053165 0.23933188582012515644 0.24872446234392417419 
0.00000000099999999994 0.00000000099999999994 0.00000000099999999994 0.99999999600000000211 0.00000000099999999994 
0.13545683989816872939 0.21073497563907409025 0.14778867184146080027 0.34955235715582300138 0.15646715546547346198 
0.00000000099999999996 0.00000000099999999996 0.99999999599999989108 0.00000000099999999996 0.00000000099999999996 
0.34832540269249523401 0.00000000100000000000 0.46076190096104246985 0.00000000100000000000 0.19091269434646240821 
0.00000000099999999999 0.69639859976265716668 0.30360139723734286266 0.00000000099999999999 0.00000000099999999999 
0.00000000099999999998 0.70309763815151005151 0.00000000099999999998 0.29690235884848986680 0.00000000099999999998 
0.00000000099999999996 0.99999999600000011313 0.00000000099999999996 0.00000000099999999996 0.00000000099999999996 
0.00000000099999999996 0.00000000099999999996 0.00000000099999999996 0.00000000099999999996 0.99999999600000000211 
0.00000000100000000000 0.40341388836208941227 0.00000017830056769062 0.29243481382823693915 0.30415111850910603319 
0.31019946455605229563 0.00553231707345187840 0.32125155080260231477 0.00118153394010219858 0.36183513362779140543 
0.36005003147947045594 0.63994996552052951788 0.00000000099999999999 0.00000000099999999999 0.00000000099999999999 
0.00000000100000000000 0.34459621525429823263 0.20866722890470926211 0.00000000100000000000 0.44673655384099253407 
0.29482619612197857872 0.00000000100000000000 0.00000000100000000000 0.38931609568286157375 0.31585770619515979307 
0.09747978044937652409 0.10831647767154801987 0.25038642764236385130 0.09295604097604566463 0.45086127326066605114 
0.00000000099999999997 0.00000000099999999997 0.99999999599999989108 0.00000000099999999997 0.00000000099999999997 
0.99999999600000000211 0.00000000099999999995 0.00000000099999999995 0.00000000099999999995 0.00000000099999999995 
0.22280204583062396262 0.00000000100000000000 0.38215353393318918229 0.23700677547841564330 0.15803764375777129558 
0.00000000099999999999 0.00000000099999999999 0.00000000099999999999 0.50040493748349090808 0.49959505951650895472 
0.00116413116012191041 0.54349230524328973058 0.21424836381133596785 0.00000000100000000000 0.24109519878525254022 
0.22630144015543429692 0.57601574036844171989 0.00000000099999999999 0.00000000099999999999 0.19768281747612406751 
0.00000000099999999997 0.00000000099999999997 0.99999999599999989108 0.00000000099999999997 0.00000000099999999997 
0.00000000099999999995 0.00000000099999999995 0.00000000099999999995 0.99999999600000000211 0.00000000099999999995 
0.23414463905204815908 0.00000000100000000000 0.08932109930842550838 0.38535049010526228885 0.29118377053426414136 
0.44130285957898068849 0.55869713727557157590 0.00000000099999999999 0.00000000099999999999 0.00000000114544778310 
0.00000000099999999995 0.99999999600000000211 0.00000000099999999995 0.00000000099999999995 0.00000000099999999995 
0.00000000099999999997 0.00000000099999999997 0.00000000099999999997 0.99999999600000000211 0.00000000099999999997 
0.46142100048888257113 0.53857899651111729167 0.00000000099999999999 0.00000000099999999999 0.00000000099999999999 
0.00000000099999999999 0.00000000099999999999 0.99999999572877706910 0.00000000127122289216 0.00000000099999999999 
0.00000000099999999995 0.99999999600000000211 0.00000000099999999995 0.00000000099999999995 0.00000000099999999995 
0.00000000100000000000 0.00000000100000000000 0.40806425604299501053 0.27652668157349785671 0.31540906038350707830 
0.00000000099999999998 0.00000000099999999998 0.99999999599999989108 0.00000000099999999998 0.00000000099999999998 
0.00000000100000000000 0.32277186369702282054 0.00000000100000000000 0.16076380818977228926 0.51646432611320491901 
0.36608013741599759738 0.00000000099999999999 0.63391985958400243195 0.00000000099999999999 0.00000000099999999999 
0.00000000099999999997 0.99999999600000011313 0.00000000099999999997 0.00000000099999999997 0.00000000099999999997 
0.26997803757091076715 0.00000000099999999999 0.45135161668602441498 0.27867034374306465239 0.00000000099999999999 
0.28543894382246598473 0.00000000099999999999 0.40055017980774526576 0.00000000099999999999 0.31401087436978863954 
0.37125160285921493530 0.32561844297355746480 0.16698114470266656184 0.13614880524499106684 0.00000000421956969458 
0.00000000099999999996 0.00000000099999999996 0.00000000099999999996 0.00000000099999999996 0.99999999600000000211 
0.51334685250355893693 0.00000000099999999999 0.00000000099999999999 0.00000000099999999999 0.48665314449644109240 
0.30122521547659464325 0.69877478152340544160 0.00000000099999999999 0.00000000099999999999 0.00000000099999999999 
0.25548923590462796485 0.29572335440619207381 0.15374738508742399890 0.00000000100000000000 0.29504002360175596298 
0.99999999600000000211 0.00000000099999999995 0.00000000099999999995 0.00000000099999999995 0.00000000099999999995 
0.31287360941199904296 0.07100913189456621588 0.19110408968251138551 0.25795546470534108652 0.16705770430558219974 
0.00000000099999999997 0.00000000099999999997 0.00000000099999999997 0.99999999600000000211 0.00000000099999999997 
0.00000000099999999997 0.00000000099999999997 0.99999999600000000211 0.00000000099999999997 0.00000000099999999997 
