0.41621060894052230861 0.21260104239006077931 0.37118834866941691208 
0.11740314513441274524 0.33745760085724157973 0.54513925400834561952 
0.38511935248309331348 0.32204267051306917358 0.29283797700383751295 
0.37320185720632265136 0.30004754802787658718 0.32675059476580092799 
0.99999999799999994554 0.00000000099999999998 0.00000000099999999998 
0.00000000099999999999 0.00000000099999999999 0.99999999800000005656 
0.34611039731944781561 0.00000000100000000000 0.65388960168055221267 
0.00000000099999999999 0.51115979832723579257 0.48884020067276429122 
0.36187909238766363673 0.21151417290684176864 0.42660673470549453912 
0.00000000099999999999 0.00000000099999999999 0.99999999800000005656 
0.39951333946260852992 0.43489528322931880755 0.16559137730807252376 
0.49713708807527723366 0.00000000100000000000 0.50286291092472268360 
0.44529477278621232283 0.34603403088636547347 0.20867119632742220370 
0.32468019920583346405 0.27503643587582277119 0.40028336491834382027 
0.54408808650506601534 0.00000000100000000000 0.45591191249493395743 
0.34579729079020443683 0.32219833905697742304 0.33200437015281808462 
0.23414878236739997130 0.47142992740177291910 0.29442129023082713735 
0.46832221916851118904 0.53167688932055323647 0.00000089151093552389 
0.46636495025282759253 0.28629252213824751827 0.24734252760892494472 
0.18970614036682997838 0.65504743590857927860 0.15524642372459071527 
0.99999999799999994554 0.00000000099999999999 0.00000000099999999999 
0.44156743414597882103 0.00000000099999999999 0.55843256485402115175 
0.45152281529449356245 0.37636141987324217562 0.17211576483226431744 
0.00000000099999999998 0.00000000099999999998 0.99999999799999994554 
0.51415277991124419543 0.48584712941512464557 0.00000009067363115606 
0.33572038909303036913 0.48472257073872054844 0.17955704016824908242 
0.45727679397841114461 0.22537458907525692586 0.31734861694633198503 
0.50992536108501596015 0.31382152014415665153 0.17625311877082749934 
0.29581583895602220347 0.52052214592574175267 0.18366201511823601611 
0.25921679181238593825 0.16996539228073118122 0.57081781590688296379 
0.35280901916569751275 0.33483334998110370062 0.31235763085319889765 
0.53578278457327732642 0.23767805901087601939 0.22653915641584673746 
0.49338415104774702158 0.50661584795225289568 0.00000000100000000000 
0.31278311334132508081 0.32099242631410040971 0.36622446034457445396 
0.00000000099999999998 0.99999999800000005656 0.00000000099999999998 
0.00000000100000000000 0.40945706672282766725 0.59054293227717225001 
0.45607590022749139314 0.32661827378119778764 0.21730582599131084698 
0.45717509988339388727 0.23301298604782158530 0.30981191406878461070 
0.56719444901567550588 0.43280554998432435587 0.00000000100000000000 
0.34715835641830028457 0.27570501124047791519 0.37713663234122191126 
0.36172506133087561908 0.36933151435033440002 0.26894342431879009192 
0.68043466465340052274 0.00172990022002930612 0.31783543512657025376 
0.50876387407166889787 0.00000000100000000000 0.49123612492833124143 
0.31350021921175813544 0.25368842537698316209 0.43281135541125864696 
0.00000000099999999999 0.99999999799999994554 0.00000000099999999999 
0.50960980327105898091 0.39256505066117874936 0.09782514606776226973 
0.39112436347138568316 0.17139965484118729888 0.43747598168742701796 
0.39889751864169126216 0.23701966584358782897 0.36408281551472082560 
0.99999999800000005656 0.00000000099999999999 0.00000000099999999999 
0.38369337595423741449 0.40719890781536566271 0.20910771623039703382 
0.40459522741770115317 0.21618136537756751925 0.37922340720473124431 
0.47398559758565167455 0.40867331590832306487 0.11734108650602526058 
0.58673468841821807551 0.41110657312385184836 0.00215873845793000457 
0.99999999799999994554 0.00000000099999999998 0.00000000099999999998 
0.54105114540901899645 0.24340828039360568047 0.21554057419737543411 
0.39224612041097794979 0.37184301631390659360 0.23591086327511537335 
0.47059864166151721410 0.24253326240604902719 0.28686809593243384198 
0.24998649275608694764 0.37330651974508627378 0.37670698749882686185 
0.43670823805695885289 0.28043730640366137941 0.28285445553937976770 
0.21646191170801334924 0.58554824176406394809 0.19798984652792267491 
0.44905543483097876134 0.17433965964568279294 0.37660490552333841796 
0.69362451281423109783 0.00000000100000000000 0.30637548618576893045 
0.00000000099999999997 0.99999999800000005656 0.00000000099999999997 
0.50824262885887327990 0.24980294377328021715 0.24195442736784650295 
0.00000000099999999998 0.00000000099999999998 0.99999999799999994554 
0.50952117457107903853 0.00000072156021204956 0.49047810386870888122 
0.51383648004415582999 0.22758930864577564535 0.25857421131006863568 
0.00000000099999999998 0.99999999799999994554 0.00000000099999999998 
0.00000000099999999998 0.99999999799999994554 0.00000000099999999998 
0.29368108274840570848 0.45772614010833634346 0.24859277714325786479 
0.00000000099999999999 0.99999999800000005656 0.00000000099999999999 
0.99999999799999994554 0.00000000099999999999 0.00000000099999999999 
0.46445241612553966881 0.28716338234026361764 0.24838420153419668579 
0.47333802106268996202 0.25621108314907414805 0.27045089578823577892 
0.00000000100000000000 0.47245369887712462820 0.52754630012287551111 
0.52924942004279262875 0.47074929594784664655 0.00000128400936067364 
0.00002315204084903771 0.32194372859144143595 0.67803311936770960244 
0.32471644039307817620 0.21413672831544913744 0.46114683129147271412 
0.00000000099999999998 0.00000000099999999998 0.99999999799999994554 
0.43139320297352445888 0.32853020295474910650 0.24007659407172654564 
0.39048303918701304793 0.17586005788259770344 0.43365690293038922087 
0.64713850088970903407 0.35286149811029093870 0.00000000100000000000 
0.00000000099999999998 0.00000000099999999998 0.99999999800000005656 
0.40146374531627404547 0.22010570879713584058 0.37843054588659014170 
0.37625624661108164615 0.17208950015130708433 0.45165425323761138054 
0.57561360393416172165 0.16343750205544627097 0.26094889401039206289 
0.31374241236745287198 0.38279684235111960389 0.30346074528142752413 
0.99999999800000005656 0.00000000099999999998 0.00000000099999999998 
0.99999999800000005656 0.00000000099999999999 0.00000000099999999999 
0.00000000099999999999 0.00000000099999999999 0.99999999800000005656 
0.65135744627623581859 0.34864255272376420969 0.00000000100000000000 
0.45527627313340202075 0.13219649356351834135 0.41252723330307972116 
0.40792666573662755836 0.00000000100000000000 0.59207333326337241441 
0.00000000099999999998 0.99999999799999994554 0.00000000099999999998 
0.20179864559596488727 0.29374989233569720470 0.50445146206833801905 
0.00000000099999999997 0.99999999799999994554 0.00000000099999999997 
0.00000000099999999998 0.00000000099999999998 0.99999999799999994554 
0.37604489477298336242 0.26110687307569274695 0.36284823215132400165 
0.44700220671415469287 0.29748628726871617634 0.25551150601712918631 
0.00000000100000000000 0.67655331227730697297 0.32344668672269316634 
0.58374324145484279835 0.00000001591142652766 0.41625674263373063644 
0.65130458193509721543 0.34869541706490259081 0.00000000100000000000 
0.99999999799999994554 0.00000000099999999998 0.00000000099999999998 
0.28089018461737119692 0.28560765374960039864 0.43350216163302840444 
0.57512098603254258045 0.00062991703685298238 0.42424909693060447458 
0.35482151563407199335 0.32101475868876216957 0.32416372567716578157 
0.51179601731062007719 0.00000000100000000000 0.48820398168937989558 
