0.06453094626635071107 0.27566933533066712014 0.36415049566637452960 0.29564922273660770857 
0.00000000099999999998 0.00000000099999999998 0.00000000099999999998 0.99999999699999997382 
0.99999999700000008485 0.00000000099999999998 0.00000000099999999998 0.00000000099999999998 
0.33712752136548423953 0.16461202910779981767 0.22620674774648930061 0.27205370178022669769 
0.99999999699999997382 0.00000000099999999998 0.00000000099999999998 0.00000000099999999998 
0.44299936657203625723 0.00000000100000000000 0.34808503675171964531 0.20891559567624409799 
0.28905485131160729706 0.08374316982243371066 0.18226772736064594804 0.44493425150531290546 
0.16373058865766176861 0.24484432506422673659 0.29511968914327879610 0.29630539713483278197 
0.17621889804513049538 0.19376052183617051283 0.13475453827596875489 0.49526604184273032017 
0.24456625391670755443 0.00000000100000000000 0.37856717633851677540 0.37686656874477575396 
0.00000000099999999997 0.99999999699999997382 0.00000000099999999997 0.00000000099999999997 
0.34653946069603347446 0.00000000100000000000 0.30289210581645714671 0.35056843248750935160 
0.23976862341441051996 0.24693577156456703037 0.29072901266931516773 0.22256659235170722644 
0.00000000099999999999 0.39969726868758687077 0.00000000099999999999 0.60030272931241313028 
0.00000000100000000000 0.31687571160338701137 0.32670554338429824703 0.35641874401231482539 
0.24864861403069263290 0.15682300510651003833 0.17535012411376746377 0.41917825674902980948 
0.35217419467594746063 0.23241892058914351282 0.41540688373490897156 0.00000000100000000000 
0.37307952462870591637 0.26020628234193504680 0.36671353402928130727 0.00000065900007776949 
0.23848823895894427638 0.32212877753147034499 0.39085256307080556981 0.04853042043877967004 
0.45808172139518910093 0.33004365695833670635 0.00000000100000000000 0.21187462064647419324 
0.00000000099999999999 0.44656419884953124644 0.00000000099999999999 0.55343579915046869910 
0.00000000099999999998 0.00000000099999999998 0.00000000099999999998 0.99999999700000008485 
0.00000000100000000000 0.49177875488782052393 0.00000000100000000000 0.50822124311217942161 
0.00000000099999999996 0.00000000099999999996 0.00000000099999999996 0.99999999699999997382 
0.00000000099999999998 0.99999999700000008485 0.00000000099999999998 0.00000000099999999998 
0.23813717834933731399 0.53817029770547863965 0.22369252294518415791 0.00000000100000000000 
0.29977342398755824071 0.24951594985122890757 0.24837101777957354409 0.20233960838163914109 
0.00000000100000000000 0.67956453645182501866 0.32043546154817492688 0.00000000100000000000 
0.99999999699999997382 0.00000000099999999998 0.00000000099999999998 0.00000000099999999998 
0.00000000099999999998 0.00000000099999999998 0.00000000099999999998 0.99999999699999997382 
0.21642300616154985793 0.00000000100000000000 0.35557489436378525438 0.42800209847466497148 
0.46786932082343135608 0.00000000099999999999 0.53213067717656858946 0.00000000099999999999 
0.63976124723073635181 0.00000000100000000000 0.36023875076926364924 0.00000000100000000000 
0.51681128196445280665 0.00000000100000000000 0.00000000100000000000 0.48318871603554719441 
0.00000000099999999996 0.00000000099999999996 0.99999999699999997382 0.00000000099999999996 
0.00000000100000000000 0.24286998582314484052 0.46304720579073166409 0.29408280738612363470 
0.30202126110027016637 0.32667822668742629855 0.00000000100000000000 0.37130051121230350786 
0.25270084159657085765 0.34006119932717976395 0.21138424148450027373 0.19585371759174907691 
0.44800473248683653216 0.32567244953624396864 0.00000000100000000000 0.22632281697691941647 
0.15232081444223613542 0.24569011279602115394 0.20244800299537876742 0.39954106976636388771 
0.00000000099999999999 0.00000000099999999999 0.00000000099999999999 0.99999999700000008485 
0.36321870923029320188 0.34994268435131586914 0.18355387478372084398 0.10328473163467008500 
0.16161384670181541678 0.21672750394112483274 0.22719994893457573504 0.39445870042248404319 
0.00000000100000000000 0.31447923784723896823 0.22771350312091298562 0.45780725803184807443 
0.25894982092754703640 0.30980603712794507754 0.37837049715182902165 0.05287364479267885747 
0.13476564804348303839 0.30633724237222864639 0.36837242587188678833 0.19052468371240147138 
0.29146647728286162460 0.00000000100000000000 0.42633394777192967773 0.28219957394520867044 
0.37939856189459214564 0.00000000100000000000 0.32913735351200473778 0.29146408359340303384 
0.29891105384065513872 0.21061769945080352495 0.34226526958678787915 0.14820597712175345717 
0.11395937688460486270 0.33345385511091468755 0.33936551637813683335 0.21322125162634350537 
0.22109341480229816046 0.26157918606600832900 0.20768729075473990608 0.30964010837695365996 
0.24996810094378230094 0.42993417937259753581 0.32009771868362002500 0.00000000100000000000 
0.29279633976713398402 0.38508328695534332908 0.17582147244868723268 0.14629890082883559299 
0.00000000099999999999 0.56506325991981865009 0.43493673808018129545 0.00000000099999999999 
0.00000000099999999998 0.99999999699999997382 0.00000000099999999998 0.00000000099999999998 
0.49625310484485984919 0.00000144613306508666 0.00000016475855404873 0.50374528426352116472 
0.23580112415904963541 0.35237639207603177471 0.07789144817276444366 0.33393103559215420173 
0.27860167072813163403 0.27027159742579248691 0.16059495065700873928 0.29053178118906702876 
0.99999999699999997382 0.00000000099999999997 0.00000000099999999997 0.00000000099999999997 
0.99999999699999997382 0.00000000099999999998 0.00000000099999999998 0.00000000099999999998 
0.30467851095068321232 0.18926734779226878080 0.28356982701914495992 0.22248431423790313022 
0.35039553011868918020 0.07310365411947640502 0.00000000100000000000 0.57650081476183445695 
0.00000000099999999997 0.00000000099999999997 0.99999999699999997382 0.00000000099999999997 
0.16648854908108709494 0.35446380112985276245 0.29783282937329619289 0.18121482041576406075 
0.00000000099999999997 0.00000000099999999997 0.00000000099999999997 0.99999999700000008485 
0.25800180861104704544 0.17631481538593152258 0.17083463857420311260 0.39484873742881837488 
0.42392898594030858916 0.57607101205969146740 0.00000000099999999999 0.00000000099999999999 
0.00000000099999999996 0.99999999699999997382 0.00000000099999999996 0.00000000099999999996 
0.00000000099999999997 0.99999999699999997382 0.00000000099999999997 0.00000000099999999997 
0.99999999700000008485 0.00000000099999999998 0.00000000099999999998 0.00000000099999999998 
0.47517181395790913934 0.52482818404209097274 0.00000000100000000000 0.00000000100000000000 
0.00000000100000000000 0.56803702267841638118 0.00000000100000000000 0.43196297532158356436 
0.00000000099999999999 0.31641683336599518706 0.68358316463400459195 0.00000000099999999999 
0.34334942836652088127 0.33633412675808221914 0.00000000100000000000 0.32031644387539698338 
0.45901264689737542035 0.00000000099999999999 0.54098735110262441417 0.00000000099999999999 
0.99999999700000008485 0.00000000099999999999 0.00000000099999999999 0.00000000099999999999 
0.00000000099999999999 0.00000000099999999999 0.37407100311910079782 0.62592899488089925875 
0.00000000099999999996 0.00000000099999999996 0.99999999699999997382 0.00000000099999999996 
0.00000000099999999998 0.00000000099999999998 0.99999999699999986280 0.00000000099999999998 
0.62686980929519497963 0.00000000175537781497 0.18880173383681075894 0.18432845511261641835 
0.41573101008416640800 0.30077401673756531952 0.15247157834544575183 0.13102339483282263166 
0.00000000100000000000 0.55928029785077626457 0.44071970014922362546 0.00000000100000000000 
0.00000000099999999998 0.00000000099999999998 0.00000000099999999998 0.99999999699999997382 
0.99999999699999997382 0.00000000099999999997 0.00000000099999999997 0.00000000099999999997 
0.00000000099999999999 0.00000000099999999999 0.00000000099999999999 0.99999999700000008485 
0.00000000099999999998 0.99999999700000008485 0.00000000099999999998 0.00000000099999999998 
0.00000000099999999998 0.99999999700000008485 0.00000000099999999998 0.00000000099999999998 
0.49887326554463351513 0.20832051905781584500 0.29280621439755055713 0.00000000100000000000 
0.50184902084077842588 0.49815097715922151966 0.00000000100000000000 0.00000000100000000000 
0.00000000100000000000 0.20730796197931278257 0.44236877664377288744 0.35032326037691435827 
0.00000000099999999997 0.99999999699999997382 0.00000000099999999997 0.00000000099999999997 
0.99999999700000008485 0.00000000099999999998 0.00000000099999999998 0.00000000099999999998 
0.00000000099999999998 0.00000000099999999998 0.00000000099999999998 0.99999999700000008485 
0.45514923118407352165 0.23112522956043374256 0.12867062067593662555 0.18505491857955611024 
0.00000000099999999998 0.00000000099999999998 0.99999999699999986280 0.00000000099999999998 
0.07801068051386145230 0.46415237038309925532 0.29255285356992782875 0.16528409553311157465 
0.00000000099999999999 0.00000000099999999999 0.43889880326729008297 0.56110119473270980706 
0.30254469524178206896 0.03415200701901524583 0.21544092073597764792 0.44786237700322489852 
0.30162455719783831665 0.10279764494526277829 0.50476055931783547770 0.09081723853906346899 
0.99999999699999997382 0.00000000099999999998 0.00000000099999999998 0.00000000099999999998 
0.33168970876173842210 0.04045371801572029274 0.39211702115269647662 0.23573955206984484323 
0.00000000099999999999 0.51296010448382178826 0.48703989351617810177 0.00000000099999999999 
0.45724257340964141738 0.54275742459035869469 0.00000000100000000000 0.00000000100000000000 
0.00000000099999999997 0.00000000099999999997 0.99999999699999997382 0.00000000099999999997 
0.00000000099999999998 0.00000000099999999998 0.99999999699999997382 0.00000000099999999998 
0.00000000100000000000 0.10822223239765846325 0.27310018149285425482 0.61867758510948722694 
0.00000000099999999998 0.00000000099999999998 0.00000000099999999998 0.99999999700000008485 
