0.00000000099999999998 0.48030398696884862852 0.00000000099999999998 0.00000000099999999998 0.00000000099999999998 0.51969600903115131807 
0.00000000099999999993 0.00000000099999999993 0.00000000099999999993 0.99999999499999991937 0.00000000099999999993 0.00000000099999999993 
0.43335151567654284221 0.00000000099999999998 0.00000000099999999998 0.56664848032345704887 0.00000000099999999998 0.00000000099999999998 
0.00000000099999999992 0.00000000099999999992 0.00000000099999999992 0.00000000099999999992 0.00000000099999999992 0.99999999500000003039 
0.00000000099999999992 0.00000000099999999992 0.00000000099999999992 0.00000000099999999992 0.00000000099999999992 0.99999999500000003039 
0.00000000099999999999 0.00000000099999999999 0.37427885463399973576 0.38668677763491260402 0.00000000099999999999 0.23903436473108785609 
0.49503202072031171621 0.50496638370669699736 0.00000000099999999999 0.00000159257299137367 0.00000000099999999999 0.00000000099999999999 
0.00000000099999999992 0.00000000099999999992 0.00000000099999999992 0.99999999499999991937 0.00000000099999999992 0.00000000099999999992 
0.45318415880367207693 0.00000000100000000000 0.00000000100000000000 0.16349411897068560906 0.23323295074111957681 0.15008876948452259947 
0.37911272159278841531 0.00000000099999999999 0.27047458222538972583 0.35041269318182183268 0.00000000099999999999 0.00000000099999999999 
0.00000000099999999993 0.00000000099999999993 0.00000000099999999993 0.00000000099999999993 0.99999999499999991937 0.00000000099999999993 
0.32407981599438862030 0.19395468088474854262 0.33060809342780789200 0.00000000100000000000 0.00000000100000000000 0.15135740769305491837 
0.00000000099999999998 0.49853542915657050871 0.50146456684342943788 0.00000000099999999998 0.00000000099999999998 0.00000000099999999998 
0.55461181883618804189 0.28738004547194861971 0.00000000099999999999 0.00000000099999999999 0.15800813269186325671 0.00000000099999999999 
0.56102843886947506569 0.00000000099999999999 0.43828068987938495482 0.00000000099999999999 0.00069086825114004081 0.00000000099999999999 
0.00000000099999999995 0.00000000099999999995 0.00000000099999999995 0.00000000099999999995 0.99999999500000003039 0.00000000099999999995 
0.00000000099999999998 0.00000000099999999998 0.00000000099999999998 0.43419647468675864888 0.00000000099999999998 0.56580352131324129772 
0.04141176643702574461 0.17876267208783527818 0.21016062916987621190 0.32947042328072662087 0.15476528622757576570 0.08542922279696056609 
0.00000000100000000000 0.20301117980255323214 0.11159449857543618512 0.25815417597301859587 0.19719753827557179315 0.23004260637342011098 
0.00000000100000000000 0.18198905882057250794 0.32581122534849538130 0.31403720137900087428 0.17816249093816360904 0.00000002251376770713 
0.00000000099999999992 0.99999999500000003039 0.00000000099999999992 0.00000000099999999992 0.00000000099999999992 0.00000000099999999992 
0.71385489633716348035 0.28614509966283663278 0.00000000099999999998 0.00000000099999999998 0.00000000099999999998 0.00000000099999999998 
0.15673246882735289431 0.42692935455104952247 0.06258009622222387991 0.14783869168158500496 0.11645581532597108765 0.08946357339181763846 
0.74436424381020083185 0.00000000099999999997 0.00000000099999999997 0.25563575218979917025 0.00000000099999999997 0.00000000099999999997 
0.00000000099999999996 0.00000000099999999996 0.00000000099999999996 0.00000000099999999996 0.99999999499999991937 0.00000000099999999996 
0.00000000099999999999 0.11101420708393429371 0.16247255438420143969 0.19561133204922229178 0.31394768884465229508 0.21695421663798947209 
0.28429394632071663951 0.01452230189669565311 0.29501065103228335529 0.00000000100000000000 0.17846573933425571856 0.22770736041604849875 
0.00000000099999999994 0.00000000099999999994 0.00000000099999999994 0.00000000099999999994 0.99999999500000003039 0.00000000099999999994 
0.07207498433197652432 0.12583317640729932418 0.21627199463205737384 0.23986540765999034286 0.22100523368977703642 0.12494920327889934286 
0.99999999500000003039 0.00000000099999999995 0.00000000099999999995 0.00000000099999999995 0.00000000099999999995 0.00000000099999999995 
0.27156500481390649648 0.00000000099999999999 0.47996515644346121610 0.24846983574263228900 0.00000000099999999999 0.00000000099999999999 
0.00000000099999999994 0.00000000099999999994 0.99999999499999991937 0.00000000099999999994 0.00000000099999999994 0.00000000099999999994 
0.00000000099999999994 0.00000000099999999994 0.99999999499999991937 0.00000000099999999994 0.00000000099999999994 0.00000000099999999994 
0.41440980339553695755 0.00000000099999999999 0.58559019260446298905 0.00000000099999999999 0.00000000099999999999 0.00000000099999999999 
0.00000000099999999993 0.00000000099999999993 0.99999999499999991937 0.00000000099999999993 0.00000000099999999993 0.00000000099999999993 
0.32061551529853488107 0.00000000099999999999 0.17282274743557371477 0.18691824191071723660 0.31964349335517422412 0.00000000099999999999 
0.99999999500000003039 0.00000000099999999996 0.00000000099999999996 0.00000000099999999996 0.00000000099999999996 0.00000000099999999996 
0.00000000099999999992 0.99999999500000014141 0.00000000099999999992 0.00000000099999999992 0.00000000099999999992 0.00000000099999999992 
0.00000000099999999993 0.99999999500000003039 0.00000000099999999993 0.00000000099999999993 0.00000000099999999993 0.00000000099999999993 
0.00000000099999999994 0.00000000099999999994 0.00000000099999999994 0.00000000099999999994 0.99999999500000003039 0.00000000099999999994 
0.27002447487147018812 0.51486524667896338414 0.00489631651688438897 0.21020341777068327072 0.00001054316199873486 0.00000000100000000000 
0.00000000099999999998 0.42188412456104429360 0.00000000099999999998 0.00000000099999999998 0.00000000099999999998 0.57811587143895559748 
0.21766427788272899035 0.36883884603896571752 0.00000000099999999999 0.00000000099999999999 0.00000000109555018210 0.41349687298275528136 
0.42110935633994761584 0.30231387395843151156 0.00008493354858618046 0.00000000238614071547 0.27649183276689381916 0.00000000100000000000 
0.00000000099999999994 0.00000000099999999994 0.00000000099999999994 0.00000000099999999994 0.99999999500000003039 0.00000000099999999994 
0.22433652124980257847 0.17348990027965546790 0.10991338822808571773 0.09238520087488498456 0.20564899681847723101 0.19422599254909395095 
0.00000000099999999999 0.46450112859425835010 0.00000000099999999999 0.00000000099999999999 0.00000000099999999999 0.53549886740574159649 
0.99999999500000014141 0.00000000099999999996 0.00000000099999999996 0.00000000099999999996 0.00000000099999999996 0.00000000099999999996 
0.23640723791796994235 0.27735280765289405114 0.45342876642231944029 0.00000000151937017617 0.00000000100000000000 0.03281118548744636071 
0.00000000099999999999 0.00000000099999999999 0.00000000099999999999 0.26270266517504470283 0.34659173243407237486 0.39070559939088295165 
0.00000000099999999994 0.00000000099999999994 0.00000000099999999994 0.00000000099999999994 0.00000000099999999994 0.99999999499999991937 
0.00000000099999999995 0.00000000099999999995 0.99999999500000003039 0.00000000099999999995 0.00000000099999999995 0.00000000099999999995 
0.00000000999500093612 0.27346777919683928904 0.18694610870266847868 0.20146034378391419750 0.14424779826926842352 0.19387796005230864549 
0.00000000099999999999 0.30816420323903986889 0.00000000099999999999 0.20677856231365934758 0.00000000099999999999 0.48505723144730078511 
0.30403839763122314510 0.21151034409965047134 0.08107484072841267264 0.00000000100000000000 0.21113410539419161238 0.19224231114652207131 
0.25667319604548111123 0.00000000099999999999 0.00000000099999999999 0.27595544163743590538 0.00000000099999999999 0.46737135931708284620 
0.40770640459707574443 0.30121602171787381641 0.00000000100000000000 0.00000000100000000000 0.29107757068505046849 0.00000000100000000000 
0.00000000099999999997 0.72862179441126240231 0.00000000099999999997 0.27137820158873765530 0.00000000099999999997 0.00000000099999999997 
0.71809005397746827892 0.00000000099999999999 0.00000000099999999999 0.00000000099999999999 0.28190994202253183420 0.00000000099999999999 
0.00000000099999999999 0.00000000099999999999 0.00000000099999999999 0.31484559466913830672 0.45801726474665366284 0.22713713758420797650 
0.13365990987399720136 0.44318358353977427289 0.00000000100000000000 0.12201105209921675465 0.16134839151724947315 0.13979706196976229848 
0.40327587377135126756 0.14559163595768634392 0.32532642440702452813 0.00000000099999999999 0.12580586171001184592 0.00000020315392590472 
0.00000000099999999990 0.00000000099999999990 0.00000000099999999990 0.99999999499999991937 0.00000000099999999990 0.00000000099999999990 
0.21498070454464907053 0.16774877448360364651 0.12046653332610612885 0.17417692935816880828 0.32203238212045742772 0.00059467616701503313 
0.99999999500000014141 0.00000000099999999993 0.00000000099999999993 0.00000000099999999993 0.00000000099999999993 0.00000000099999999993 
0.35702027155635074340 0.00000000099999999999 0.00000000099999999999 0.00000000099999999999 0.00000000099999999999 0.64297972444364914768 
0.00000000099999999997 0.42841590024918674295 0.00000000099999999997 0.00000000099999999997 0.00000000099999999997 0.57158409575081303711 
0.00000000099999999993 0.00000000099999999993 0.00000000099999999993 0.00000000099999999993 0.99999999499999991937 0.00000000099999999993 
0.00000000099999999993 0.00000000099999999993 0.00000000099999999993 0.00000000099999999993 0.99999999499999991937 0.00000000099999999993 
0.00000000099999999994 0.00000000099999999994 0.99999999499999991937 0.00000000099999999994 0.00000000099999999994 0.00000000099999999994 
0.00000000099999999999 0.00000005401083831704 0.00000000099999999999 0.41566743163787861493 0.24504559941579268090 0.33928691293549040342 
0.26529736365200334847 0.49807150166053415496 0.00000000099999999999 0.00000000099999999999 0.23663113168746238713 0.00000000099999999999 
0.00819896063386083875 0.06200593749237110625 0.27172651497878902438 0.00718612045076431893 0.26057287593567940442 0.39030959050853530901 
0.00000000099999999992 0.99999999500000003039 0.00000000099999999992 0.00000000099999999992 0.00000000099999999992 0.00000000099999999992 
0.00000000099999999991 0.00000000099999999991 0.00000000099999999991 0.99999999499999991937 0.00000000099999999991 0.00000000099999999991 
0.20959111459388277132 0.00000000100000000000 0.21105058516422281478 0.00000000100000000000 0.22695673498135479629 0.35240156326053956315 
0.54050188813211186289 0.00000000099999999998 0.00000000099999999998 0.45949810786788830574 0.00000000099999999998 0.00000000099999999998 
0.29456226096295329286 0.00000000100000000000 0.01989656644965403023 0.20091682105352576260 0.14153732869425028618 0.34308702183961653498 
0.36688467738677638108 0.19594171865059234472 0.00000000100000000000 0.43717358400701855636 0.00000000100000000000 0.00000001795561283801 
0.11872424815471610549 0.31316329441614570994 0.18250824629724349268 0.31012436494491979477 0.00004120724980855262 0.07543863893716641622 
0.28189544609432698463 0.00000000099999999999 0.17671617204588449535 0.00000000099999999999 0.29597139477703354737 0.24541698508275497370 
0.00000000099999999999 0.00000000099999999999 0.00000000099999999999 0.22628786702282524534 0.38300143197926778127 0.39071069799790714150 
0.99999999500000014141 0.00000000099999999995 0.00000000099999999995 0.00000000099999999995 0.00000000099999999995 0.00000000099999999995 
0.00000000099999999995 0.00000000099999999995 0.99999999499999991937 0.00000000099999999995 0.00000000099999999995 0.00000000099999999995 
0.20788732556385458583 0.23792304119174412236 0.43957468545626132705 0.11461494578814000744 0.00000000099999999999 0.00000000099999999999 
0.00000000099999999999 0.23208118860931109539 0.34532247172641644672 0.00000000099999999999 0.26366831310871513550 0.15892802455555737895 
0.30670264958111492781 0.08679233247461105860 0.00000000100000000000 0.21486718478363722729 0.35736816239412166896 0.03426966976651504848 
0.00000000099999999994 0.00000000099999999994 0.00000000099999999994 0.00000000099999999994 0.00000000099999999994 0.99999999499999991937 
0.00000000099999999993 0.00000000099999999993 0.00000000099999999993 0.00000000099999999993 0.00000000099999999993 0.99999999499999991937 
0.30163406694257294260 0.14130346334895574345 0.00000000100000000000 0.31643597447517651799 0.24062649323329457496 0.00000000100000000000 
0.00000000099999999999 0.27716681394182662856 0.00000000099999999999 0.26176304197303579269 0.00000000099999999999 0.46107014108513760808 
0.51627038211866227435 0.13942571025859101796 0.17014730860385840483 0.00000000100000000000 0.00000031621309148697 0.17415628180579678652 
0.99999999500000003039 0.00000000099999999994 0.00000000099999999994 0.00000000099999999994 0.00000000099999999994 0.00000000099999999994 
0.00000000099999999994 0.00000000099999999994 0.99999999499999991937 0.00000000099999999994 0.00000000099999999994 0.00000000099999999994 
0.27396636628794951429 0.17387337930108623385 0.18423646605167057211 0.26771945737110236507 0.10020432998819148174 0.00000000100000000000 
0.00000000099999999999 0.00000000099999999999 0.30769580715833516615 0.26445118975084769275 0.36512410772460252018 0.06272889336621466361 
0.00000000099999999991 0.00000000099999999991 0.00000000099999999991 0.99999999500000003039 0.00000000099999999991 0.00000000099999999991 
0.34724386771953630326 0.08375074546730083835 0.38040733303159440792 0.00000000099999999999 0.18859805178156835437 0.00000000099999999999 
0.00000000099999999998 0.00000000099999999998 0.57905009576385813030 0.00000000099999999998 0.00000000099999999998 0.42094990023614187180 
0.12636924428542317678 0.34521527381989758343 0.30573211725822374563 0.22268336263645557849 0.00000000099999999999 0.00000000099999999999 
0.25560932355929000259 0.18698388740026303245 0.24985491061844491978 0.02972803471014688267 0.08703961928912953838 0.19078422442272569004 
0.00000000099999999994 0.99999999500000003039 0.00000000099999999994 0.00000000099999999994 0.00000000099999999994 0.00000000099999999994 
0.00000000099999999999 0.39322234723814403212 0.23583735783326903457 0.00000000099999999999 0.16200877754136169817 0.20893151538722512517 
0.23310429586721603812 0.00000000920584584804 0.31057425593817578058 0.00000000100000000000 0.45495793271131840241 0.00136350527744394205 
0.00000000099999999999 0.38786311809799045580 0.61211059583457760880 0.00002628306743197705 0.00000000099999999999 0.00000000099999999999 
0.24830177112762971681 0.29612741853154600502 0.00000000100000000000 0.45377503235104504897 0.00179577598977932393 0.00000000100000000000 
0.42054128503512294701 0.36924234038297543137 0.21021637158190170647 0.00000000099999999999 0.00000000099999999999 0.00000000099999999999 
